$ 1 0.000005 0.529449005047003 50 5 43
r 1056 336 928 336 0 51000
r 928 336 928 432 0 4700
c 928 432 928 528 0 1.0000000000000001e-7 0.006168765699199137
f 1008 432 1056 432 1 1.5 0.02
w 1008 432 928 432 0
w 1056 416 1056 336 0
w 1056 448 1056 528 0
w 928 336 864 336 0
R 864 336 800 336 0 2 150 2.5 2.5 0 0.5
R 1056 208 1056 160 0 0 40 5 0 0 0.5
l 1056 208 1056 272 0 0.000009999999999999999 0.10758900314508622
r 1056 272 1056 336 0 2
r 1056 528 1056 624 0 2
g 1056 624 1056 656 0
c 1152 528 1152 624 0 0.0000047 0.21496053108814425
w 1152 624 1056 624 0
r 1056 528 1152 528 0 2
g 928 528 928 560 0
o 7 64 0 550 5 0.00078125 0 -1
o 6 1 0 549 0.15625 0.2 1 -1
