$ 1 0.000005 0.14549914146182014 50 5 43
R 272 80 272 48 0 0 40 5 0 0 0.5
r 272 160 272 256 0 0.05
l 272 80 272 160 0 0.000009999999999999999 0.00007880891177550198
c 272 256 400 256 0 1e-10 4.796811509942915
g 400 256 432 256 0
c 336 336 336 416 0 0.000009999999999999999 1.2873580364544726
r 176 336 176 416 0 100
g 176 416 176 432 0
w 272 256 176 256 0
w 272 336 176 336 0
s 176 256 176 336 0 1 true
r 272 336 336 336 0 0.001
r 272 432 272 336 0 4700
c 272 432 272 512 0 1.0000000000000001e-7 0.0000013539687807715444
f 272 432 336 432 0 1.5 0.02
g 336 448 336 544 0
g 272 512 272 544 0
o 8 1 0 34 10.252335220645506 0.02563083805161377 0 -1
